4 0.490807 0.428770 0.114344 0.116508
1 0.943883 0.465984 0.112193 0.469250
10 0.035047 0.463559 0.070094 0.483820
10 0.170419 0.448188 0.049620 0.297734
10 0.326297 0.425531 0.119740 0.135922
10 0.651542 0.422297 0.122979 0.135922
2 0.508068 0.821973 0.284792 0.236242
8 0.180141 0.785562 0.360281 0.364078
8 0.722737 0.693332 0.170443 0.182852
8 0.854346 0.797699 0.291266 0.265367
9 0.802026 0.474074 0.134844 0.275086
9 0.323060 0.622941 0.124057 0.139164
9 0.657471 0.608379 0.126214 0.122977
0 0.098143 0.444141 0.060411 0.444984
0 0.225435 0.456277 0.047464 0.284789
0 0.884552 0.470840 0.036677 0.365695
0 0.328995 0.480551 0.157500 0.362461
