4 0.755020 0.354450 0.172160 0.129450
2 0.509710 0.641662 0.289980 0.131075
7 0.170680 0.273562 0.170880 0.072875
9 0.590100 0.411087 0.113920 0.328475
9 0.952330 0.428888 0.095340 0.509725
10 0.063230 0.402187 0.088020 0.184475
10 0.151260 0.407037 0.067320 0.158575
10 0.230880 0.415137 0.060840 0.158575
10 0.342850 0.402187 0.038820 0.122975
10 0.387460 0.420662 0.037720 0.118125
10 0.440310 0.428138 0.052020 0.136575
2 0.144050 0.802987 0.288100 0.391575
2 0.633680 0.874188 0.256240 0.242725
8 0.779610 0.816388 0.295140 0.367225
8 0.853240 0.606550 0.220600 0.067950
8 0.313430 0.531787 0.110300 0.108725
8 0.079780 0.560063 0.148320 0.135775
0 0.498280 0.427337 0.046600 0.275725
