0 0.729923 0.417521 0.039488 0.409744
0 0.774079 0.347628 0.055780 0.366966
0 0.365614 0.415577 0.047647 0.487393
0 0.070384 0.462179 0.140767 0.899060
11 0.641036 0.704893 0.452046 0.219444
1 0.320294 0.462179 0.052302 0.405812
0 0.942430 0.528590 0.115141 0.942821
8 0.627212 0.528034 0.065934 0.051795
8 0.685192 0.512671 0.029054 0.036880
8 0.695051 0.627222 0.072046 0.060171
8 0.686931 0.568013 0.041841 0.066026
9 0.229079 0.514594 0.190588 0.514573
0 0.288338 0.353440 0.034885 0.495171
0 0.565499 0.400043 0.012788 0.483504
