0 0.860947 0.653377 0.033561 0.608415
2 0.289205 0.794321 0.343258 0.411358
8 0.222071 0.815981 0.189495 0.351132
8 0.425101 0.775528 0.192727 0.373774
8 0.397475 0.591057 0.063889 0.092226
0 0.403990 0.427642 0.042222 0.247585
0 0.600518 0.441377 0.036793 0.281547
0 0.246970 0.320038 0.063889 0.576075
0 0.054773 0.503679 0.108283 0.978981
0 0.938914 0.655792 0.115859 0.619736
10 0.346604 0.417113 0.089874 0.122981
0 0.646540 0.471321 0.042222 0.338189
7 0.431604 0.249642 0.114773 0.105170
1 0.500896 0.461623 0.082298 0.202264
