3 0.444607 0.591966 0.032295 0.163419
10 0.773590 0.333868 0.099311 0.110043
10 0.686672 0.333868 0.079443 0.106795
10 0.613443 0.336303 0.072000 0.105171
10 0.517230 0.334679 0.078197 0.108419
10 0.441492 0.333056 0.078197 0.101923
10 0.345279 0.329829 0.076984 0.105214
10 0.273279 0.329829 0.074492 0.114872
10 0.183885 0.324167 0.099311 0.103547
1 0.479361 0.559658 0.124164 0.237949
2 0.666820 0.691474 0.089377 0.103547
8 0.792820 0.723846 0.132852 0.122991
8 0.741311 0.669637 0.203607 0.105171
8 0.579295 0.663974 0.103049 0.100342
8 0.244098 0.675299 0.204852 0.122991
8 0.240377 0.806368 0.160164 0.184444
0 0.478738 0.413162 0.108033 0.048547
0 0.712131 0.519957 0.351344 0.262137
0 0.247213 0.527222 0.347607 0.286410
3 0.476262 0.613846 0.018623 0.113333
3 0.501082 0.600043 0.031016 0.144017
2 0.538951 0.873526 0.362492 0.199017
8 0.843098 0.819316 0.211049 0.190940
