0 0.943841 0.788024 0.108278 0.205509
0 0.415017 0.493563 0.077848 0.435269
10 0.454834 0.483832 0.044768 0.218443
9 0.701805 0.670749 0.110960 0.346287
10 0.514785 0.490299 0.075132 0.221677
10 0.573394 0.478982 0.049238 0.237844
10 0.940348 0.475928 0.117053 0.416168
0 0.844967 0.538862 0.076954 0.733054
0 0.634685 0.496766 0.067980 0.477365
0 0.275430 0.391587 0.195960 0.707126
0 0.092450 0.507305 0.171788 0.964431
7 0.519702 0.110868 0.274702 0.171557
8 0.319305 0.799251 0.281921 0.380539
0 0.778758 0.480599 0.041159 0.820359
