10 0.656003 0.410726 0.129417 0.434957
0 0.093463 0.367991 0.186926 0.702906
2 0.556748 0.722372 0.089676 0.099017
2 0.455291 0.764124 0.122039 0.100983
2 0.367120 0.724252 0.121942 0.102778
8 0.452346 0.630150 0.380874 0.100983
8 0.794951 0.752457 0.313204 0.252436
8 0.622913 0.824316 0.224984 0.256325
8 0.225162 0.805876 0.232330 0.273803
10 0.924320 0.443739 0.151359 0.866026
10 0.794223 0.381603 0.102945 0.543718
10 0.522184 0.388397 0.132330 0.394145
10 0.387638 0.390321 0.130874 0.409701
10 0.252362 0.389359 0.136764 0.415556
