4 0.146694 0.518504 0.140111 0.130085
2 0.491250 0.730150 0.402611 0.223291
8 0.312667 0.725278 0.093389 0.198077
8 0.366931 0.647628 0.045417 0.120385
8 0.635125 0.674808 0.046694 0.128162
8 0.686250 0.746645 0.073222 0.182521
8 0.490625 0.904893 0.222139 0.184487
0 0.292472 0.469936 0.053000 0.409701
0 0.351153 0.472863 0.074472 0.326239
0 0.678056 0.479658 0.119889 0.545641
0 0.914431 0.500000 0.171139 1.000000
0 0.780903 0.732094 0.095917 0.262137
9 0.510181 0.409744 0.200694 0.421368
9 0.138486 0.674808 0.270083 0.066026
