2 0.153966 0.700409 0.069330 0.078290
8 0.076243 0.683625 0.140754 0.123011
8 0.358827 0.826431 0.466425 0.347138
8 0.629846 0.705985 0.243715 0.240446
8 0.903170 0.854387 0.193659 0.291227
2 0.713897 0.802454 0.159693 0.187361
10 0.864120 0.520037 0.073547 0.327138
10 0.738059 0.517249 0.153380 0.310335
10 0.348324 0.486487 0.130279 0.293569
10 0.065740 0.482286 0.111369 0.274015
10 0.178142 0.497677 0.092430 0.282416
1 0.953589 0.515855 0.092821 0.346729
0 0.261578 0.383550 0.063045 0.526580
8 0.431103 0.621152 0.109413 0.059851
1 0.578827 0.524870 0.079050 0.177993
