0 0.169121 0.484012 0.072802 0.634691
8 0.830852 0.788848 0.321044 0.422305
8 0.658187 0.630823 0.140000 0.223704
2 0.300714 0.636399 0.209066 0.251646
2 0.539643 0.772016 0.209066 0.187325
10 0.870989 0.415514 0.125055 0.318765
10 0.619904 0.426687 0.104533 0.251646
10 0.741250 0.421111 0.134423 0.285185
1 0.064588 0.509177 0.050385 0.444609
1 0.421126 0.488210 0.057857 0.329918
1 0.500453 0.489609 0.089588 0.315926
0 0.557376 0.467243 0.039203 0.366255
0 0.393118 0.470041 0.020522 0.416626
0 0.021566 0.465844 0.043132 0.425021
0 0.111250 0.489609 0.046676 0.634691
