10 0.752926 0.179167 0.058361 0.128162
1 0.571488 0.547329 0.140435 0.235342
8 0.449298 0.613739 0.074783 0.093205
8 0.690017 0.628868 0.071137 0.104829
10 0.819482 0.174487 0.038294 0.132821
10 0.609766 0.181474 0.056522 0.137479
10 0.370886 0.243226 0.031003 0.102521
10 0.416488 0.222265 0.041940 0.116496
10 0.793946 0.579936 0.082074 0.170128
10 0.340803 0.512372 0.047425 0.128162
0 0.912475 0.555470 0.133110 0.727009
0 0.687274 0.476239 0.109398 0.335556
0 0.315268 0.849979 0.226120 0.300043
0 0.145786 0.266538 0.291572 0.461368
