8 0.231919 0.735962 0.445978 0.279615
8 0.735756 0.737906 0.219631 0.240769
8 0.955480 0.821410 0.089041 0.213590
2 0.399576 0.852479 0.254871 0.167009
2 0.485923 0.748590 0.176052 0.110684
4 0.795277 0.514615 0.331956 0.248547
10 0.072638 0.125256 0.080480 0.250513
10 0.021513 0.117521 0.041919 0.219402
10 0.024576 0.444701 0.049151 0.267949
10 0.085203 0.438868 0.072103 0.225256
10 0.091089 0.581581 0.080480 0.075726
10 0.026531 0.602949 0.051956 0.075726
10 0.193358 0.139829 0.043616 0.279658
10 0.157306 0.127201 0.035203 0.254402
10 0.318266 0.189359 0.112325 0.219402
10 0.427251 0.184509 0.098930 0.229103
10 0.427251 0.451496 0.102251 0.137863
10 0.327491 0.456346 0.087159 0.135940
10 0.195037 0.451496 0.036863 0.145641
10 0.236107 0.452479 0.028524 0.143675
10 0.159834 0.462179 0.033542 0.132051
10 0.506900 0.143739 0.070406 0.279615
10 0.864852 0.263141 0.129114 0.126197
10 0.742454 0.263162 0.108967 0.130085
10 0.519465 0.442756 0.078782 0.139786
2 0.786052 0.909765 0.149225 0.114573
