10 0.322270 0.462372 0.126667 0.417479
10 0.607543 0.453632 0.127960 0.407778
1 0.019799 0.558504 0.039598 0.532051
0 0.074856 0.573056 0.065287 0.627222
0 0.125776 0.508974 0.047011 0.743675
0 0.463937 0.423547 0.154080 0.398034
0 0.200187 0.432286 0.086178 0.458248
8 0.226954 0.777906 0.176264 0.225214
8 0.467845 0.723547 0.313333 0.178632
8 0.699598 0.752671 0.147529 0.244658
2 0.459368 0.911902 0.390402 0.174744
2 0.466552 0.779850 0.167126 0.104829
2 0.934339 0.841004 0.131322 0.300983
0 0.875862 0.441987 0.212816 0.869872
