1 0.585272 0.586218 0.054840 0.456684
1 0.717235 0.573627 0.066815 0.381244
4 0.892901 0.657254 0.116519 0.163627
8 0.204383 0.647358 0.173951 0.183420
8 0.063000 0.747150 0.103679 0.235544
8 0.081407 0.913601 0.145679 0.136839
8 0.455432 0.712098 0.095062 0.237358
2 0.267370 0.834378 0.176519 0.258912
0 0.650407 0.509896 0.078840 0.569845
0 0.763506 0.516088 0.034272 0.471140
0 0.801630 0.515285 0.043704 0.462280
0 0.527852 0.450440 0.042864 0.674249
0 0.065568 0.447772 0.103679 0.535855
0 0.266938 0.442461 0.062568 0.348653
0 0.306358 0.467539 0.028272 0.348860
0 0.462309 0.383031 0.100272 0.453109
