8 0.199042 0.636175 0.303937 0.236880
1 0.947822 0.438098 0.104355 0.842692
1 0.798275 0.328376 0.197875 0.510684
1 0.630453 0.373056 0.128223 0.456282
10 0.438101 0.425470 0.129791 0.165043
10 0.443659 0.296368 0.112404 0.089316
4 0.115139 0.385748 0.177317 0.151581
7 0.194286 0.205192 0.246969 0.147735
2 0.574251 0.691496 0.503415 0.172821
8 0.351829 0.809957 0.391045 0.378632
8 0.380314 0.668205 0.235889 0.238803
8 0.606707 0.586645 0.118711 0.079615
8 0.848136 0.604124 0.120314 0.087393
8 0.787909 0.817115 0.424181 0.365769
9 0.261568 0.428397 0.118746 0.194145
