8 0.724668 0.670534 0.115683 0.116538
8 0.474852 0.699658 0.075461 0.085470
8 0.949114 0.712265 0.101771 0.180598
9 0.170554 0.648205 0.288413 0.180598
9 0.939889 0.610321 0.120221 0.100983
10 0.095941 0.526838 0.098893 0.081538
10 0.178081 0.520043 0.065387 0.064103
10 0.239299 0.517137 0.050332 0.058291
2 0.078339 0.755962 0.137491 0.147564
2 0.223376 0.887692 0.397380 0.224615
2 0.884797 0.822970 0.097269 0.168932
2 0.879779 0.852094 0.100590 0.110684
2 0.519299 0.661795 0.207897 0.110684
8 0.751513 0.839444 0.350406 0.275726
8 0.044207 0.811303 0.088413 0.176709
