0 0.575171 0.345335 0.198069 0.512594
10 0.265062 0.382218 0.066511 0.236904
10 0.327960 0.378347 0.059283 0.233013
10 0.391573 0.375439 0.070810 0.246611
10 0.450125 0.372531 0.054953 0.279623
10 0.753006 0.374456 0.131558 0.322301
10 0.883847 0.364749 0.138785 0.357280
10 0.972040 0.361841 0.052056 0.359247
8 0.247009 0.606402 0.354206 0.188536
8 0.252056 0.656987 0.193707 0.238828
8 0.585296 0.719121 0.073707 0.269874
8 0.727695 0.815251 0.205296 0.349498
8 0.964330 0.841611 0.071340 0.316778
8 0.677103 0.604561 0.098318 0.079582
2 0.834221 0.768640 0.331558 0.423305
