8 0.563971 0.519081 0.237043 0.093205
0 0.426348 0.394808 0.059246 0.221325
0 0.939333 0.354017 0.121159 0.629145
0 0.342058 0.405491 0.025043 0.246624
10 0.704899 0.396752 0.089565 0.264103
10 0.623246 0.375385 0.071130 0.198034
10 0.549493 0.371496 0.068493 0.170855
10 0.486275 0.381218 0.063217 0.174744
10 0.237348 0.370534 0.057942 0.087393
8 0.360493 0.524915 0.064522 0.116496
8 0.494826 0.660812 0.175159 0.295128
8 0.856348 0.764701 0.197565 0.312650
8 0.819478 0.824915 0.244986 0.332051
8 0.505377 0.825876 0.235739 0.341752
2 0.655507 0.741389 0.362203 0.374744
2 0.159652 0.561795 0.313449 0.225214
