8 0.931338 0.774038 0.137324 0.182521
2 0.787824 0.744915 0.112235 0.124274
2 0.654191 0.672073 0.133618 0.087393
2 0.404279 0.920641 0.291324 0.157265
0 0.424338 0.526453 0.069500 0.495128
0 0.529250 0.512863 0.030735 0.401966
0 0.714985 0.528397 0.036088 0.359188
0 0.858000 0.499274 0.052118 0.413590
0 0.202500 0.384701 0.384882 0.584444
10 0.918794 0.513846 0.093529 0.178632
10 0.666882 0.488590 0.049471 0.120427
10 0.564647 0.508013 0.077529 0.139786
1 0.775132 0.567244 0.110912 0.285427
1 0.481794 0.568205 0.066824 0.318462
7 0.697632 0.310919 0.220500 0.126197
7 0.458412 0.146838 0.388882 0.267949
8 0.255279 0.787607 0.298029 0.205812
8 0.125647 0.937500 0.233882 0.125000
