9 0.409559 0.609380 0.129183 0.052436
1 0.680556 0.499658 0.074248 0.170855
1 0.699118 0.463718 0.132157 0.316496
1 0.940507 0.451111 0.118987 0.473761
8 0.153186 0.750128 0.306373 0.357265
8 0.503105 0.876368 0.987451 0.240769
8 0.970196 0.588974 0.059608 0.108718
2 0.441487 0.793846 0.386046 0.242735
2 0.543938 0.609359 0.133627 0.067949
10 0.080654 0.421987 0.136601 0.306795
10 0.188317 0.479274 0.078725 0.312650
4 0.413268 0.514231 0.142549 0.110684
0 0.316748 0.439466 0.071275 0.388333
0 0.268497 0.441389 0.040065 0.396111
