10 0.812072 0.492073 0.098618 0.335940
10 0.383109 0.490128 0.083717 0.165043
0 0.298240 0.503526 0.086086 0.279615
0 0.135757 0.447436 0.237632 0.580598
10 0.566201 0.495962 0.070230 0.168932
0 0.477615 0.484872 0.086086 0.186410
0 0.635444 0.502329 0.043059 0.244658
0 0.891908 0.407970 0.053816 0.405427
8 0.185888 0.821581 0.371776 0.356496
8 0.426497 0.633996 0.059178 0.121154
8 0.492845 0.635171 0.059178 0.114188
8 0.558306 0.639829 0.064572 0.123504
2 0.848684 0.876538 0.297434 0.227179
4 0.956859 0.512479 0.086283 0.198034
